Choose a case to run:
1. Case 1: Uniformly, there are two foxes and 100 rabbits per square initially; the vegetation level is 1.0 everywhere.
2. Case 2: There are 20 foxes in one corner square and none elsewhere; there are 10 rabbits in every square except in the corner square diagonally opposte the foxes, and it contains 800 rabbits; the vegetation level is 0.3 everywhere. 
3. Case 3: There are no foxes on the island, but there are two rabbits in each square; the initial vegetation level is 0.5 everywhere.
Enter your choice:  0.30 0 10  0.30 0 10  0.30 0 10  0.30 0 10  0.30 0 10  0.30 0 10  0.30 0 10  0.30 0 10 
 0.30 0 10  0.30 0 10  0.30 0 10  0.30 0 10  0.30 0 10  0.30 0 10  0.30 0 10  0.30 0 10 
 0.30 0 10  0.30 0 10  0.30 0 10  0.30 0 10  0.30 0 10  0.30 0 10  0.30 0 10  0.30 0 10 
 0.30 0 10  0.30 0 10  0.30 0 10  0.30 0 10  0.30 0 10  0.30 0 10  0.30 0 10  0.30 0 10 
 0.30 0 10  0.30 0 10  0.30 0 10  0.30 0 10  0.30 0 10  0.30 0 10  0.30 0 10  0.30 0 10 
 0.30 0 10  0.30 0 10  0.30 0 10  0.30 0 10  0.30 0 10  0.30 0 10  0.30 0 10  0.30 0 10 
 0.30 0 10  0.30 0 10  0.30 0 10  0.30 0 10  0.30 0 10  0.30 0 10  0.30 0 10  0.30 0 10 
 0.30 0 10  0.30 0 10  0.30 0 10  0.30 0 10  0.30 0 10  0.30 0 10  0.30 0 10  0.30 20 800 

Month 1:
Day 1:
Rabbit age sum: 1430
Fox age sum: 20
 0.31 0 10  0.31 0 10  0.31 0 10  0.31 0 10  0.31 0 10  0.31 0 10  0.31 0 10  0.31 0 10 
 0.31 0 10  0.31 0 10  0.31 0 10  0.31 0 10  0.31 0 10  0.31 0 10  0.31 0 10  0.31 0 10 
 0.31 0 10  0.31 0 10  0.31 0 10  0.31 0 10  0.31 0 10  0.31 0 10  0.31 0 10  0.31 0 10 
 0.31 0 10  0.31 0 10  0.31 0 10  0.31 0 10  0.31 0 10  0.31 0 10  0.31 0 10  0.31 0 10 
 0.31 0 10  0.31 0 10  0.31 0 10  0.31 0 10  0.31 0 10  0.31 0 10  0.31 0 10  0.31 0 10 
 0.31 0 10  0.31 0 10  0.31 0 10  0.31 0 10  0.31 0 10  0.31 0 10  0.31 0 10  0.31 0 10 
 0.31 0 10  0.31 0 10  0.31 0 10  0.31 0 10  0.31 0 10  0.31 0 10  0.31 0 10  0.31 0 10 
 0.31 0 10  0.31 0 10  0.31 0 10  0.31 0 10  0.31 0 10  0.31 0 10  0.31 0 10  0.10 20 286 
Day 2:
Rabbit age sum: 916
Fox age sum: 20
 0.32 0 10  0.32 0 10  0.32 0 10  0.32 0 10  0.32 0 10  0.32 0 10  0.32 0 10  0.32 0 10 
 0.32 0 10  0.34 0 1  0.33 0 6  0.33 0 6  0.33 0 4  0.32 0 9  0.33 0 3  0.32 0 10 
 0.32 0 10  0.34 0 2  0.33 0 6  0.31 0 14  0.32 0 9  0.31 0 14  0.34 0 1  0.32 0 10 
 0.32 0 10  0.33 0 7  0.32 0 10  0.31 0 13  0.31 0 15  0.31 0 15  0.33 0 3  0.32 0 10 
 0.32 0 10  0.34 0 2  0.32 0 9  0.32 0 11  0.32 0 10  0.31 0 16  0.33 0 3  0.32 0 10 
 0.32 0 10  0.32 0 11  0.30 0 20  0.27 0 32  0.29 0 26  0.22 0 59  0.34 0 2  0.32 0 10 
 0.32 0 10  0.34 0 1  0.33 0 3  0.33 0 4  0.33 0 5  0.33 0 7  0.34 0 1  0.32 0 10 
 0.32 0 10  0.32 0 10  0.32 0 10  0.32 0 10  0.32 0 10  0.32 0 10  0.32 0 10  0.10 20 77 
Day 3:
Rabbit age sum: 707
Fox age sum: 20
 0.33 0 10  0.33 0 10  0.33 0 10  0.33 0 10  0.33 0 10  0.33 0 10  0.33 0 10  0.33 0 10 
 0.33 0 10  0.35 0 1  0.35 0 2  0.35 0 4  0.35 0 2  0.34 0 4  0.35 0 1  0.33 0 10 
 0.33 0 10  0.35 0 2  0.34 0 9  0.33 0 4  0.31 0 19  0.33 0 6  0.35 0 1  0.33 0 10 
 0.33 0 10  0.35 0 2  0.34 0 7  0.33 0 6  0.32 0 10  0.33 0 4  0.35 0 2  0.33 0 10 
 0.33 0 10  0.35 0 2  0.32 0 18  0.32 0 14  0.23 0 57  0.28 0 25  0.35 0 3  0.33 0 10 
 0.33 0 10  0.34 0 4  0.30 0 12  0.28 0 8  0.15 0 78  0.16 0 37  0.35 0 7  0.33 0 10 
 0.33 0 10  0.35 0 1  0.35 0 3  0.35 0 4  0.35 0 0  0.35 0 0  0.35 0 1  0.33 0 10 
 0.33 0 10  0.33 0 10  0.33 0 10  0.33 0 10  0.33 0 10  0.33 0 10  0.33 0 10  0.10 20 61 
Day 4:
Rabbit age sum: 691
Fox age sum: 20
 0.34 0 10  0.34 0 10  0.34 0 10  0.34 0 10  0.34 0 10  0.34 0 10  0.34 0 10  0.34 0 10 
 0.34 0 10  0.35 0 1  0.35 0 2  0.35 0 1  0.35 0 1  0.35 0 3  0.35 0 1  0.34 0 10 
 0.34 0 10  0.35 0 2  0.35 0 5  0.35 0 5  0.33 0 7  0.35 0 4  0.35 0 1  0.34 0 10 
 0.34 0 10  0.35 0 1  0.35 0 5  0.35 0 7  0.34 0 6  0.35 0 4  0.35 0 1  0.34 0 10 
 0.34 0 10  0.35 0 1  0.33 0 7  0.29 0 30  0.12 0 65  0.10 0 123  0.35 0 7  0.34 0 10 
 0.34 0 10  0.35 0 3  0.32 0 5  0.28 0 17  0.11 0 23  0.16 0 9  0.35 0 4  0.34 0 10 
 0.34 0 10  0.35 0 1  0.35 0 2  0.35 0 3  0.35 0 0  0.35 0 0  0.35 0 0  0.34 0 10 
 0.34 0 10  0.34 0 10  0.34 0 10  0.34 0 10  0.34 0 10  0.34 0 10  0.34 0 10  0.10 20 40 
Day 5:
Rabbit age sum: 667
Fox age sum: 20
 0.35 0 10  0.35 0 10  0.35 0 10  0.35 0 10  0.35 0 10  0.35 0 10  0.35 0 10  0.35 0 10 
 0.35 0 10  0.35 0 1  0.35 0 2  0.35 0 1  0.35 0 1  0.35 0 2  0.35 0 1  0.35 0 10 
 0.35 0 10  0.35 0 2  0.35 0 2  0.35 0 2  0.35 0 3  0.35 0 3  0.35 0 1  0.35 0 10 
 0.35 0 10  0.35 0 1  0.35 0 3  0.35 0 4  0.34 0 13  0.35 0 4  0.35 0 4  0.35 0 10 
 0.35 0 10  0.35 0 1  0.35 0 3  0.26 0 27  0.10 0 107  0.10 0 67  0.35 0 10  0.35 0 10 
 0.35 0 10  0.35 0 2  0.35 0 2  0.28 0 13  0.11 0 9  0.16 0 6  0.35 0 1  0.35 0 10 
 0.35 0 10  0.35 0 1  0.35 0 2  0.35 0 3  0.35 0 0  0.35 0 0  0.35 0 0  0.35 0 10 
 0.35 0 10  0.35 0 10  0.35 0 10  0.35 0 10  0.35 0 10  0.35 0 10  0.35 0 10  0.10 18 26 
Day 6:
Rabbit age sum: 600
Fox age sum: 18
 0.35 0 10  0.35 0 10  0.35 0 10  0.35 0 10  0.35 0 10  0.35 0 10  0.35 0 10  0.35 0 10 
 0.35 0 10  0.35 0 1  0.35 0 2  0.35 0 1  0.35 0 1  0.35 0 2  0.35 0 1  0.35 0 10 
 0.35 0 10  0.35 0 2  0.35 0 2  0.35 0 2  0.35 0 2  0.35 0 2  0.35 0 1  0.35 0 10 
 0.35 0 10  0.35 0 1  0.35 0 2  0.35 0 4  0.33 0 23  0.35 0 10  0.35 0 4  0.35 0 10 
 0.35 0 10  0.35 0 1  0.35 0 2  0.25 0 18  0.10 0 90  0.10 0 55  0.35 0 18  0.35 0 10 
 0.35 0 10  0.35 0 2  0.35 0 1  0.29 0 8  0.10 0 17  0.17 0 2  0.35 0 1  0.35 0 10 
 0.35 0 10  0.35 0 1  0.35 0 2  0.35 0 1  0.35 0 0  0.35 0 0  0.35 0 0  0.35 0 10 
 0.35 0 10  0.35 0 10  0.35 0 10  0.35 0 10  0.35 0 10  0.35 0 10  0.35 0 10  0.10 17 13 
Day 7:
Rabbit age sum: 565
Fox age sum: 17
 0.35 0 10  0.35 0 10  0.35 0 10  0.35 0 10  0.35 0 10  0.35 0 10  0.35 0 10  0.35 0 10 
 0.35 0 10  0.35 0 1  0.35 0 2  0.35 0 1  0.35 0 1  0.35 0 2  0.35 0 1  0.35 0 10 
 0.35 0 10  0.35 0 2  0.35 0 2  0.35 0 1  0.35 0 1  0.35 0 1  0.35 0 1  0.35 0 10 
 0.35 0 10  0.35 0 1  0.35 0 1  0.35 0 4  0.33 0 16  0.32 0 29  0.35 0 13  0.35 0 10 
 0.35 0 10  0.35 0 1  0.35 0 1  0.23 0 18  0.10 0 80  0.10 0 54  0.35 0 4  0.35 0 10 
 0.35 0 10  0.35 0 2  0.35 0 1  0.29 0 11  0.10 0 7  0.18 0 3  0.35 0 2  0.35 0 10 
 0.35 0 10  0.35 0 1  0.35 0 1  0.35 0 1  0.35 0 0  0.35 0 0  0.35 0 0  0.35 0 10 
 0.35 0 10  0.35 0 10  0.35 0 10  0.35 0 10  0.35 0 10  0.35 0 10  0.35 0 10  0.10 16 3 
Day 8:
Rabbit age sum: 540
Fox age sum: 16
 0.35 0 10  0.35 0 10  0.35 0 10  0.35 0 10  0.35 0 10  0.35 0 10  0.35 0 10  0.35 0 10 
 0.35 0 10  0.35 0 1  0.35 0 2  0.35 0 1  0.35 0 1  0.35 0 2  0.35 0 1  0.35 0 10 
 0.35 0 10  0.35 0 2  0.35 0 2  0.35 0 1  0.35 0 1  0.35 0 1  0.35 0 1  0.35 0 10 
 0.35 0 10  0.35 0 1  0.35 0 1  0.35 0 4  0.30 0 28  0.29 0 34  0.35 0 11  0.35 0 10 
 0.35 0 10  0.35 0 1  0.35 0 1  0.23 0 12  0.10 0 70  0.10 0 36  0.35 0 15  0.35 0 10 
 0.35 0 10  0.35 0 2  0.35 0 1  0.31 0 5  0.10 0 9  0.19 0 3  0.35 0 2  0.35 0 10 
 0.35 0 10  0.35 0 1  0.35 0 1  0.35 0 1  0.35 0 0  0.35 0 0  0.35 0 0  0.35 0 10 
 0.35 0 10  0.35 0 10  0.35 0 10  0.35 0 10  0.35 0 10  0.35 0 10  0.35 0 10  0.11 15 0 
Day 9:
Rabbit age sum: 525
Fox age sum: 15
 0.35 0 10  0.35 0 10  0.35 0 10  0.35 0 10  0.35 0 10  0.35 0 10  0.35 0 10  0.35 0 10 
 0.35 0 10  0.35 0 1  0.35 0 2  0.35 0 1  0.35 0 1  0.35 0 2  0.35 0 1  0.35 0 10 
 0.35 0 10  0.35 0 2  0.35 0 2  0.35 0 1  0.35 0 1  0.35 0 1  0.35 0 1  0.35 0 10 
 0.35 0 10  0.35 0 1  0.35 0 1  0.35 0 4  0.30 0 16  0.21 0 46  0.35 0 10  0.35 0 10 
 0.35 0 10  0.35 0 1  0.35 0 1  0.24 0 8  0.10 0 62  0.10 0 47  0.35 0 6  0.35 0 10 
 0.35 0 10  0.35 0 2  0.35 0 1  0.33 0 4  0.10 0 4  0.21 0 3  0.35 0 1  0.35 0 10 
 0.35 0 10  0.35 0 1  0.35 0 1  0.35 0 2  0.35 0 0  0.35 0 0  0.35 0 0  0.35 0 10 
 0.35 0 10  0.35 0 10  0.35 0 10  0.35 0 10  0.35 0 10  0.35 0 10  0.35 0 10  0.12 14 0 
Day 10:
Rabbit age sum: 508
Fox age sum: 14
 0.35 0 10  0.35 0 10  0.35 0 10  0.35 0 10  0.35 0 10  0.35 0 10  0.35 0 10  0.35 0 10 
 0.35 0 10  0.35 0 1  0.35 0 2  0.35 0 1  0.35 0 1  0.35 0 2  0.35 0 1  0.35 0 10 
 0.35 0 10  0.35 0 2  0.35 0 2  0.35 0 1  0.35 0 1  0.35 0 1  0.35 0 1  0.35 0 10 
 0.35 0 10  0.35 0 1  0.35 0 1  0.35 0 4  0.29 0 18  0.11 0 55  0.35 0 15  0.35 0 10 
 0.35 0 10  0.35 0 1  0.35 0 1  0.25 0 7  0.10 0 37  0.11 0 0  0.30 0 42  0.35 0 10 
 0.35 0 10  0.35 0 2  0.35 0 1  0.35 0 5  0.10 0 10  0.22 0 4  0.35 0 1  0.35 0 10 
 0.35 0 10  0.35 0 1  0.35 0 1  0.35 0 2  0.35 0 0  0.35 0 0  0.35 0 0  0.35 0 10 
 0.35 0 10  0.35 0 10  0.35 0 10  0.35 0 10  0.35 0 10  0.35 0 10  0.35 0 10  0.13 13 0 
Day 11:
Rabbit age sum: 495
Fox age sum: 13
 0.35 0 10  0.35 0 10  0.35 0 10  0.35 0 10  0.35 0 10  0.35 0 10  0.35 0 10  0.35 0 10 
 0.35 0 10  0.35 0 1  0.35 0 2  0.35 0 1  0.35 0 1  0.35 0 2  0.35 0 1  0.35 0 10 
 0.35 0 10  0.35 0 2  0.35 0 2  0.35 0 1  0.35 0 1  0.35 0 1  0.35 0 1  0.35 0 10 
 0.35 0 10  0.35 0 1  0.35 0 1  0.35 0 3  0.30 0 9  0.10 0 58  0.35 0 3  0.35 0 10 
 0.35 0 10  0.35 0 1  0.35 0 1  0.24 0 14  0.10 0 40  0.12 0 0  0.26 0 29  0.35 0 10 
 0.35 0 10  0.35 0 2  0.35 0 1  0.35 0 5  0.10 0 15  0.23 0 6  0.35 0 1  0.35 0 10 
 0.35 0 10  0.35 0 1  0.35 0 1  0.35 0 1  0.35 0 0  0.35 0 0  0.35 0 0  0.35 0 10 
 0.35 0 10  0.35 0 10  0.35 0 10  0.35 0 10  0.35 0 10  0.35 0 10  0.35 0 10  0.14 12 0 
Day 12:
Rabbit age sum: 479
Fox age sum: 12
 0.35 0 10  0.35 0 10  0.35 0 10  0.35 0 10  0.35 0 10  0.35 0 10  0.35 0 10  0.35 0 10 
 0.35 0 10  0.35 0 1  0.35 0 2  0.35 0 1  0.35 0 1  0.35 0 2  0.35 0 1  0.35 0 10 
 0.35 0 10  0.35 0 2  0.35 0 2  0.35 0 1  0.35 0 1  0.35 0 1  0.35 0 1  0.35 0 10 
 0.35 0 10  0.35 0 1  0.35 0 1  0.35 0 6  0.32 0 3  0.10 0 30  0.35 0 2  0.35 0 10 
 0.35 0 10  0.35 0 1  0.35 0 1  0.23 0 13  0.10 0 65  0.13 0 0  0.22 0 32  0.35 0 10 
 0.35 0 10  0.35 0 2  0.35 0 1  0.35 0 6  0.10 0 9  0.25 0 1  0.35 0 1  0.35 0 10 
 0.35 0 10  0.35 0 1  0.35 0 1  0.35 0 1  0.35 0 0  0.35 0 0  0.35 0 0  0.35 0 10 
 0.35 0 10  0.35 0 10  0.35 0 10  0.35 0 10  0.35 0 10  0.35 0 10  0.35 0 10  0.16 11 0 
Day 13:
Rabbit age sum: 464
Fox age sum: 11
 0.35 0 10  0.35 0 10  0.35 0 10  0.35 0 10  0.35 0 10  0.35 0 10  0.35 0 10  0.35 0 10 
 0.35 0 10  0.35 0 1  0.35 0 2  0.35 0 1  0.35 0 1  0.35 0 2  0.35 0 1  0.35 0 10 
 0.35 0 10  0.35 0 2  0.35 0 2  0.35 0 1  0.35 0 1  0.35 0 1  0.35 0 1  0.35 0 10 
 0.35 0 10  0.35 0 1  0.35 0 1  0.35 0 9  0.33 0 9  0.10 0 38  0.35 0 3  0.35 0 10 
 0.35 0 10  0.35 0 1  0.35 0 1  0.19 0 33  0.10 0 39  0.15 0 0  0.23 0 6  0.35 0 10 
 0.35 0 10  0.35 0 2  0.35 0 1  0.35 0 14  0.11 0 0  0.26 0 6  0.35 0 0  0.35 0 10 
 0.35 0 10  0.35 0 1  0.35 0 1  0.35 0 1  0.35 0 0  0.35 0 0  0.35 0 0  0.35 0 10 
 0.35 0 10  0.35 0 10  0.35 0 10  0.35 0 10  0.35 0 10  0.35 0 10  0.35 0 10  0.17 10 0 
Day 14:
Rabbit age sum: 453
Fox age sum: 10
 0.35 0 10  0.35 0 10  0.35 0 10  0.35 0 10  0.35 0 10  0.35 0 10  0.35 0 10  0.35 0 10 
 0.35 0 10  0.35 0 1  0.35 0 2  0.35 0 1  0.35 0 1  0.35 0 2  0.35 0 1  0.35 0 10 
 0.35 0 10  0.35 0 2  0.35 0 1  0.35 0 1  0.35 0 1  0.35 0 1  0.35 0 1  0.35 0 10 
 0.35 0 10  0.35 0 1  0.35 0 1  0.35 0 7  0.34 0 15  0.10 0 18  0.35 0 1  0.35 0 10 
 0.35 0 10  0.35 0 1  0.35 0 5  0.10 0 52  0.10 0 33  0.16 0 0  0.24 0 3  0.35 0 10 
 0.35 0 10  0.35 0 2  0.35 0 9  0.35 0 3  0.12 0 0  0.28 0 1  0.35 0 0  0.35 0 10 
 0.35 0 10  0.35 0 1  0.35 0 4  0.35 0 1  0.35 0 0  0.35 0 0  0.35 0 0  0.35 0 10 
 0.35 0 10  0.35 0 10  0.35 0 10  0.35 0 10  0.35 0 10  0.35 0 10  0.35 0 10  0.19 9 0 
Day 15:
Rabbit age sum: 443
Fox age sum: 9
 0.35 0 10  0.35 0 10  0.35 0 10  0.35 0 10  0.35 0 10  0.35 0 10  0.35 0 10  0.35 0 10 
 0.35 0 10  0.35 0 1  0.35 0 2  0.35 0 1  0.35 0 1  0.35 0 2  0.35 0 1  0.35 0 10 
 0.35 0 10  0.35 0 2  0.35 0 1  0.35 0 1  0.35 0 1  0.35 0 1  0.35 0 1  0.35 0 10 
 0.35 0 10  0.35 0 1  0.35 0 1  0.35 0 18  0.33 0 18  0.10 0 18  0.35 0 1  0.35 0 10 
 0.35 0 10  0.35 0 1  0.35 0 5  0.10 0 57  0.10 0 9  0.18 0 0  0.26 0 3  0.35 0 10 
 0.35 0 10  0.35 0 1  0.35 0 7  0.35 0 4  0.13 0 0  0.31 0 1  0.35 0 0  0.35 0 10 
 0.35 0 10  0.35 0 1  0.35 0 3  0.35 0 1  0.35 0 0  0.35 0 0  0.35 0 0  0.35 0 10 
 0.35 0 10  0.35 0 10  0.35 0 10  0.35 0 10  0.35 0 10  0.35 0 10  0.35 0 10  0.21 9 0 
Day 16:
Rabbit age sum: 435
Fox age sum: 9
 0.35 0 10  0.35 0 10  0.35 0 10  0.35 0 10  0.35 0 10  0.35 0 10  0.35 0 10  0.35 0 10 
 0.35 0 10  0.35 0 1  0.35 0 2  0.35 0 1  0.35 0 1  0.35 0 2  0.35 0 1  0.35 0 10 
 0.35 0 10  0.35 0 2  0.35 0 1  0.35 0 1  0.35 0 2  0.35 0 2  0.35 0 2  0.35 0 10 
 0.35 0 10  0.35 0 1  0.35 0 2  0.33 0 23  0.30 0 31  0.11 0 0  0.35 0 3  0.35 0 10 
 0.35 0 10  0.35 0 1  0.35 0 4  0.10 0 43  0.10 0 10  0.19 0 0  0.29 0 1  0.35 0 10 
 0.35 0 10  0.35 0 1  0.35 0 14  0.35 0 3  0.15 0 0  0.34 0 1  0.35 0 0  0.35 0 10 
 0.35 0 10  0.35 0 1  0.35 0 2  0.35 0 1  0.35 0 0  0.35 0 0  0.35 0 0  0.35 0 10 
 0.35 0 10  0.35 0 10  0.35 0 10  0.35 0 10  0.35 0 10  0.35 0 10  0.35 0 10  0.23 9 0 
Day 17:
Rabbit age sum: 430
Fox age sum: 9
 0.35 0 10  0.35 0 10  0.35 0 10  0.35 0 10  0.35 0 10  0.35 0 10  0.35 0 10  0.35 0 10 
 0.35 0 10  0.35 0 1  0.35 0 2  0.35 0 1  0.35 0 1  0.35 0 2  0.35 0 1  0.35 0 10 
 0.35 0 10  0.35 0 2  0.35 0 1  0.35 0 1  0.35 0 1  0.35 0 1  0.35 0 3  0.35 0 10 
 0.35 0 10  0.35 0 1  0.35 0 2  0.29 0 36  0.29 0 17  0.12 0 0  0.35 0 2  0.35 0 10 
 0.35 0 10  0.35 0 2  0.35 0 8  0.10 0 36  0.10 0 7  0.21 0 0  0.31 0 1  0.35 0 10 
 0.35 0 10  0.35 0 3  0.35 0 9  0.35 0 4  0.16 0 0  0.35 0 1  0.35 0 0  0.35 0 10 
 0.35 0 10  0.35 0 1  0.35 0 4  0.35 0 1  0.35 0 0  0.35 0 0  0.35 0 0  0.35 0 10 
 0.35 0 10  0.35 0 10  0.35 0 10  0.35 0 10  0.35 0 10  0.35 0 10  0.35 0 10  0.25 9 0 
Day 18:
Rabbit age sum: 422
Fox age sum: 9
 0.35 0 10  0.35 0 10  0.35 0 10  0.35 0 10  0.35 0 10  0.35 0 10  0.35 0 10  0.35 0 10 
 0.35 0 10  0.35 0 1  0.35 0 2  0.35 0 1  0.35 0 1  0.35 0 3  0.35 0 1  0.35 0 10 
 0.35 0 10  0.35 0 2  0.35 0 1  0.35 0 1  0.35 0 1  0.35 0 2  0.35 0 2  0.35 0 10 
 0.35 0 10  0.35 0 1  0.35 0 5  0.25 0 29  0.29 0 14  0.13 0 0  0.35 0 0  0.35 0 10 
 0.35 0 10  0.35 0 3  0.33 0 24  0.10 0 18  0.10 0 8  0.24 0 0  0.34 0 0  0.35 0 10 
 0.35 0 10  0.35 0 5  0.35 0 12  0.35 0 5  0.18 0 0  0.35 0 0  0.35 0 0  0.35 0 10 
 0.35 0 10  0.35 0 1  0.35 0 2  0.35 0 1  0.35 0 0  0.35 0 0  0.35 0 0  0.35 0 10 
 0.35 0 10  0.35 0 10  0.35 0 10  0.35 0 10  0.35 0 10  0.35 0 10  0.35 0 10  0.28 9 0 
Day 19:
Rabbit age sum: 416
Fox age sum: 9
 0.35 0 10  0.35 0 10  0.35 0 10  0.35 0 10  0.35 0 10  0.35 0 10  0.35 0 10  0.35 0 10 
 0.35 0 10  0.35 0 1  0.35 0 2  0.35 0 1  0.35 0 1  0.35 0 4  0.35 0 1  0.35 0 10 
 0.35 0 10  0.35 0 1  0.35 0 1  0.35 0 1  0.35 0 1  0.35 0 1  0.35 0 1  0.35 0 10 
 0.35 0 10  0.35 0 1  0.35 0 6  0.23 0 24  0.30 0 10  0.15 0 0  0.35 0 0  0.35 0 10 
 0.35 0 10  0.35 0 5  0.30 0 32  0.11 0 2  0.10 0 8  0.26 0 0  0.35 0 0  0.35 0 10 
 0.35 0 10  0.35 0 3  0.33 0 26  0.35 0 6  0.19 0 0  0.35 0 0  0.35 0 0  0.35 0 10 
 0.35 0 10  0.35 0 1  0.35 0 2  0.35 0 1  0.35 0 0  0.35 0 0  0.35 0 0  0.35 0 10 
 0.35 0 10  0.35 0 10  0.35 0 10  0.35 0 10  0.35 0 10  0.35 0 10  0.35 0 10  0.30 9 0 
Day 20:
Rabbit age sum: 413
Fox age sum: 9
 0.35 0 10  0.35 0 10  0.35 0 10  0.35 0 10  0.35 0 10  0.35 0 10  0.35 0 10  0.35 0 10 
 0.35 0 10  0.35 0 1  0.35 0 2  0.35 0 1  0.35 0 1  0.35 0 4  0.35 0 1  0.35 0 10 
 0.35 0 10  0.35 0 1  0.35 0 1  0.35 0 1  0.35 0 1  0.35 0 1  0.35 0 1  0.35 0 10 
 0.35 0 10  0.35 0 2  0.35 0 4  0.20 0 23  0.32 0 4  0.16 0 0  0.35 0 0  0.35 0 10 
 0.35 0 10  0.35 0 6  0.33 0 0  0.10 0 28  0.10 0 6  0.29 0 0  0.35 0 0  0.35 0 10 
 0.35 0 10  0.35 0 5  0.30 0 29  0.35 0 8  0.21 0 0  0.35 0 0  0.35 0 0  0.35 0 10 
 0.35 0 10  0.35 0 3  0.35 0 3  0.35 0 1  0.35 0 0  0.35 0 0  0.35 0 0  0.35 0 10 
 0.35 0 10  0.35 0 10  0.35 0 10  0.35 0 10  0.35 0 10  0.35 0 10  0.35 0 10  0.33 9 0 
Day 21:
Rabbit age sum: 408
Fox age sum: 9
 0.35 0 10  0.35 0 10  0.35 0 10  0.35 0 10  0.35 0 10  0.35 0 10  0.35 0 10  0.35 0 10 
 0.35 0 10  0.35 0 1  0.35 0 2  0.35 0 1  0.35 0 1  0.35 0 4  0.35 0 1  0.35 0 10 
 0.35 0 10  0.35 0 1  0.35 0 1  0.35 0 1  0.35 0 1  0.35 0 1  0.35 0 1  0.35 0 10 
 0.35 0 10  0.35 0 1  0.35 0 5  0.20 0 8  0.35 0 4  0.18 0 0  0.35 0 0  0.35 0 10 
 0.35 0 10  0.35 0 5  0.35 0 0  0.10 0 31  0.10 0 9  0.31 0 0  0.35 0 0  0.35 0 10 
 0.35 0 10  0.35 0 4  0.25 0 36  0.35 0 7  0.24 0 0  0.35 0 0  0.35 0 0  0.35 0 10 
 0.35 0 10  0.35 0 2  0.35 0 2  0.35 0 2  0.35 0 0  0.35 0 0  0.35 0 0  0.35 0 10 
 0.35 0 10  0.35 0 10  0.35 0 10  0.35 0 10  0.35 0 10  0.35 0 10  0.35 0 10  0.35 9 0 
Day 22:
Rabbit age sum: 402
Fox age sum: 9
 0.35 0 10  0.35 0 10  0.35 0 10  0.35 0 10  0.35 0 10  0.35 0 10  0.35 0 10  0.35 0 10 
 0.35 0 10  0.35 0 1  0.35 0 2  0.35 0 1  0.35 0 1  0.35 0 4  0.35 0 1  0.35 0 10 
 0.35 0 10  0.35 0 1  0.35 0 1  0.35 0 1  0.35 0 1  0.35 0 1  0.35 0 1  0.35 0 10 
 0.35 0 10  0.35 0 1  0.35 0 3  0.21 0 5  0.35 0 5  0.19 0 0  0.35 0 0  0.35 0 10 
 0.35 0 10  0.35 0 3  0.35 0 0  0.10 0 28  0.10 0 6  0.35 0 0  0.35 0 0  0.35 0 10 
 0.35 0 10  0.35 0 4  0.20 0 35  0.35 0 9  0.26 0 0  0.35 0 0  0.35 0 0  0.35 0 10 
 0.35 0 10  0.35 0 3  0.35 0 6  0.35 0 2  0.35 0 0  0.35 0 0  0.35 0 0  0.35 0 10 
 0.35 0 10  0.35 0 10  0.35 0 10  0.35 0 10  0.35 0 10  0.35 0 10  0.35 0 10  0.35 9 0 
Day 23:
Rabbit age sum: 396
Fox age sum: 9
 0.35 0 10  0.35 0 10  0.35 0 10  0.35 0 10  0.35 0 10  0.35 0 10  0.35 0 10  0.35 0 10 
 0.35 0 10  0.35 0 1  0.35 0 2  0.35 0 1  0.35 0 1  0.35 0 4  0.35 0 1  0.35 0 10 
 0.35 0 10  0.35 0 1  0.35 0 1  0.35 0 1  0.35 0 1  0.35 0 1  0.35 0 1  0.35 0 10 
 0.35 0 10  0.35 0 1  0.35 0 1  0.22 0 4  0.35 0 4  0.21 0 0  0.35 0 0  0.35 0 10 
 0.35 0 10  0.35 0 2  0.35 0 0  0.10 0 24  0.11 0 2  0.35 0 0  0.35 0 0  0.35 0 10 
 0.35 0 10  0.35 0 5  0.13 0 42  0.35 0 10  0.29 0 0  0.35 0 0  0.35 0 0  0.35 0 10 
 0.35 0 10  0.35 0 2  0.35 0 6  0.35 0 1  0.35 0 0  0.35 0 0  0.35 0 0  0.35 0 10 
 0.35 0 10  0.35 0 10  0.35 0 10  0.35 0 10  0.35 0 10  0.35 0 10  0.35 0 10  0.35 9 0 
Day 24:
Rabbit age sum: 390
Fox age sum: 9
 0.35 0 10  0.35 0 10  0.35 0 10  0.35 0 10  0.35 0 10  0.35 0 10  0.35 0 10  0.35 0 10 
 0.35 0 10  0.35 0 1  0.35 0 2  0.35 0 1  0.35 0 1  0.35 0 4  0.35 0 1  0.35 0 10 
 0.35 0 10  0.35 0 1  0.35 0 1  0.35 0 1  0.35 0 1  0.35 0 1  0.35 0 1  0.35 0 10 
 0.35 0 10  0.35 0 1  0.35 0 1  0.24 0 2  0.35 0 1  0.24 0 0  0.35 0 0  0.35 0 10 
 0.35 0 10  0.35 0 3  0.35 0 0  0.10 0 27  0.11 0 2  0.35 0 0  0.35 0 0  0.35 0 10 
 0.35 0 10  0.35 0 11  0.10 0 24  0.35 0 19  0.31 0 0  0.35 0 0  0.35 0 0  0.35 0 10 
 0.35 0 10  0.35 0 3  0.35 0 5  0.35 0 1  0.35 0 0  0.35 0 0  0.35 0 0  0.35 0 10 
 0.35 0 10  0.35 0 10  0.35 0 10  0.35 0 10  0.35 0 10  0.35 0 10  0.35 0 10  0.35 9 0 
Day 25:
Rabbit age sum: 386
Fox age sum: 9
 0.35 0 10  0.35 0 10  0.35 0 10  0.35 0 10  0.35 0 10  0.35 0 10  0.35 0 10  0.35 0 10 
 0.35 0 10  0.35 0 1  0.35 0 2  0.35 0 1  0.35 0 1  0.35 0 4  0.35 0 1  0.35 0 10 
 0.35 0 10  0.35 0 1  0.35 0 1  0.35 0 1  0.35 0 1  0.35 0 1  0.35 0 1  0.35 0 10 
 0.35 0 10  0.35 0 1  0.35 0 1  0.26 0 1  0.35 0 1  0.26 0 0  0.35 0 0  0.35 0 10 
 0.35 0 10  0.35 0 3  0.35 0 0  0.10 0 16  0.12 0 3  0.35 0 0  0.35 0 0  0.35 0 10 
 0.35 0 10  0.35 0 6  0.10 0 50  0.35 0 6  0.35 0 0  0.35 0 0  0.35 0 0  0.35 0 10 
 0.35 0 10  0.35 0 2  0.35 0 3  0.35 0 1  0.35 0 0  0.35 0 0  0.35 0 0  0.35 0 10 
 0.35 0 10  0.35 0 10  0.35 0 10  0.35 0 10  0.35 0 10  0.35 0 10  0.35 0 10  0.35 9 0 
Day 26:
Rabbit age sum: 380
Fox age sum: 9
 0.35 0 10  0.35 0 10  0.35 0 10  0.35 0 10  0.35 0 10  0.35 0 10  0.35 0 10  0.35 0 10 
 0.35 0 10  0.35 0 1  0.35 0 2  0.35 0 1  0.35 0 1  0.35 0 4  0.35 0 1  0.35 0 10 
 0.35 0 10  0.35 0 1  0.35 0 1  0.35 0 1  0.35 0 1  0.35 0 1  0.35 0 1  0.35 0 10 
 0.35 0 10  0.35 0 1  0.35 0 1  0.29 0 1  0.35 0 1  0.29 0 0  0.35 0 0  0.35 0 10 
 0.35 0 10  0.35 0 4  0.35 0 0  0.10 0 18  0.12 0 4  0.35 0 0  0.35 0 0  0.35 0 10 
 0.35 0 10  0.35 0 9  0.10 0 38  0.35 0 6  0.35 0 0  0.35 0 0  0.35 0 0  0.35 0 10 
 0.35 0 10  0.35 0 2  0.35 0 3  0.35 0 1  0.35 0 0  0.35 0 0  0.35 0 0  0.35 0 10 
 0.35 0 10  0.35 0 10  0.35 0 10  0.35 0 10  0.35 0 10  0.35 0 10  0.35 0 10  0.35 9 0 
Day 27:
Rabbit age sum: 375
Fox age sum: 9
 0.35 0 10  0.35 0 10  0.35 0 10  0.35 0 10  0.35 0 10  0.35 0 10  0.35 0 10  0.35 0 10 
 0.35 0 10  0.35 0 1  0.35 0 2  0.35 0 1  0.35 0 1  0.35 0 4  0.35 0 1  0.35 0 10 
 0.35 0 10  0.35 0 1  0.35 0 1  0.35 0 1  0.35 0 1  0.35 0 1  0.35 0 1  0.35 0 10 
 0.35 0 10  0.35 0 1  0.35 0 1  0.31 0 1  0.35 0 1  0.31 0 0  0.35 0 0  0.35 0 10 
 0.35 0 10  0.35 0 3  0.35 0 0  0.10 0 16  0.12 0 4  0.35 0 0  0.35 0 0  0.35 0 10 
 0.35 0 10  0.35 0 6  0.10 0 39  0.35 0 8  0.35 0 0  0.35 0 0  0.35 0 0  0.35 0 10 
 0.35 0 10  0.35 0 2  0.35 0 1  0.35 0 1  0.35 0 0  0.35 0 0  0.35 0 0  0.35 0 10 
 0.35 0 10  0.35 0 10  0.35 0 10  0.35 0 10  0.35 0 10  0.35 0 10  0.35 0 10  0.35 9 0 
Day 28:
Rabbit age sum: 370
Fox age sum: 9
 0.35 0 10  0.35 0 10  0.35 0 10  0.35 0 10  0.35 0 10  0.35 0 10  0.35 0 10  0.35 0 10 
 0.35 0 10  0.35 0 1  0.35 0 2  0.35 0 1  0.35 0 1  0.35 0 4  0.35 0 1  0.35 0 10 
 0.35 0 10  0.35 0 1  0.35 0 1  0.35 0 1  0.35 0 1  0.35 0 1  0.35 0 1  0.35 0 10 
 0.35 0 10  0.35 0 1  0.35 0 1  0.34 0 1  0.35 0 1  0.35 0 0  0.35 0 0  0.35 0 10 
 0.35 0 10  0.35 0 3  0.35 0 0  0.10 0 22  0.12 0 7  0.35 0 0  0.35 0 0  0.35 0 10 
 0.35 0 10  0.35 0 4  0.10 0 31  0.35 0 2  0.35 0 0  0.35 0 0  0.35 0 0  0.35 0 10 
 0.35 0 10  0.35 0 2  0.35 0 2  0.35 0 2  0.35 0 0  0.35 0 0  0.35 0 0  0.35 0 10 
 0.35 0 10  0.35 0 10  0.35 0 10  0.35 0 10  0.35 0 10  0.35 0 10  0.35 0 10  0.35 9 0 
Day 29:
Rabbit age sum: 365
Fox age sum: 9
 0.35 0 10  0.35 0 10  0.35 0 10  0.35 0 10  0.35 0 10  0.35 0 10  0.35 0 10  0.35 0 10 
 0.35 0 10  0.35 0 1  0.35 0 2  0.35 0 1  0.35 0 1  0.35 0 4  0.35 0 1  0.35 0 10 
 0.35 0 10  0.35 0 1  0.35 0 1  0.35 0 1  0.35 0 1  0.35 0 1  0.35 0 1  0.35 0 10 
 0.35 0 10  0.35 0 1  0.35 0 1  0.35 0 2  0.35 0 2  0.35 0 0  0.35 0 0  0.35 0 10 
 0.35 0 10  0.35 0 3  0.35 0 0  0.10 0 30  0.13 0 2  0.35 0 0  0.35 0 0  0.35 0 10 
 0.35 0 10  0.35 0 6  0.10 0 17  0.35 0 5  0.35 0 0  0.35 0 0  0.35 0 0  0.35 0 10 
 0.35 0 10  0.35 0 1  0.35 0 3  0.35 0 2  0.35 0 0  0.35 0 0  0.35 0 0  0.35 0 10 
 0.35 0 10  0.35 0 10  0.35 0 10  0.35 0 10  0.35 0 10  0.35 0 10  0.35 0 10  0.35 9 0 
Day 30:
Rabbit age sum: 361
Fox age sum: 9
 0.35 0 10  0.35 0 10  0.35 0 10  0.35 0 10  0.35 0 10  0.35 0 10  0.35 0 10  0.35 0 10 
 0.35 0 10  0.35 0 1  0.35 0 2  0.35 0 1  0.35 0 1  0.35 0 4  0.35 0 1  0.35 0 10 
 0.35 0 10  0.35 0 1  0.35 0 1  0.35 0 1  0.35 0 1  0.35 0 1  0.35 0 1  0.35 0 10 
 0.35 0 10  0.35 0 1  0.35 0 2  0.35 0 2  0.35 0 2  0.35 0 0  0.35 0 0  0.35 0 10 
 0.35 0 10  0.35 0 3  0.35 0 0  0.10 0 14  0.13 0 5  0.35 0 0  0.35 0 0  0.35 0 10 
 0.35 0 10  0.35 0 6  0.11 0 0  0.35 0 18  0.35 0 0  0.35 0 0  0.35 0 0  0.35 0 10 
 0.35 0 10  0.35 0 2  0.35 0 18  0.35 0 1  0.35 0 0  0.35 0 0  0.35 0 0  0.35 0 10 
 0.35 0 10  0.35 0 10  0.35 0 10  0.35 0 10  0.35 0 10  0.35 0 10  0.35 0 10  0.35 9 0 
